354  501 536  485 560  521 355  540 
354  501 536  485 560  521 355  540 
354  501 536  485 560  521 355  540 
354.186  501.037 536.166  484.908 560.102  521.02 355.435  539.951 
354.267  501.06 536.247  484.949 560.183  521.055 355.516  539.965 
354.296  501.101 536.357  484.951 559.826  521.112 355.699  539.95 
354.087  501.051 536.245  484.997 559.751  521.058 355.085  539.976 
353.954  501.046 536.301  484.919 559.29  521.033 355.038  539.896 
353.801  500.958 536.96  484.914 559.955  520.952 355.307  539.819 
353.218  500.759 536.485  484.774 559.075  520.714 354.889  539.65 
353.742  501.246 536.463  485.259 559.577  521.177 355.152  540.216 
353.087  500.829 536.396  484.55 559.064  520.658 355.046  539.596 
353.716  501.278 536.533  485.135 559.058  521.06 355.233  540.085 
354.252  500.799 536.147  484.452 558.922  520.747 355.613  539.658 
354.549  501.25 536.021  485.112 558.956  521.187 355.651  540.234 
354.13  500.654 536.184  484.672 558.647  520.573 354.711  539.783 
354.156  500.999 535.974  484.901 558.768  520.863 354.898  540.048 
353.652  501.311 535.684  485.363 558.213  521.137 353.996  540.525 
353.568  501.212 535.408  485.561 558.312  521.328 354.221  540.478 
354.14  501.095 535.8  485.316 558.716  521.149 355.071  540.271 
354.166  500.964 535.904  485.05 558.638  520.963 354.822  540.03 
354.28  500.783 536.34  484.827 559.267  521.036 355.164  539.613 
354.325  500.622 536.298  484.779 559.569  520.873 355.18  539.562 
354.112  501.137 536.275  485.238 559.37  520.91 354.835  539.84 
353.975  500.784 535.738  484.892 559.088  520.832 354.537  539.912 
354.216  501.322 536.118  485.346 559.78  521.351 355.092  540.409 
353.458  500.873 535.941  484.792 559.149  520.901 354.65  539.915 
354.073  501.307 536.103  485.203 559.568  521.381 355.063  540.312 
354.661  500.807 535.95  484.677 559.439  520.866 355.592  539.768 
354.368  501.003 535.479  484.8 559.36  521.007 355.217  539.977 
354.458  501.276 536.165  485.034 559.714  521.327 356.107  540.147 
353.951  501.409 535.894  485.298 559.082  521.478 355.458  540.326 
354.45  501.104 536.333  484.819 559.376  521.214 355.955  539.81 
354.752  500.782 536.178  484.656 559.309  520.938 356.263  539.572 
354.38  500.924 535.884  484.896 558.784  521.23 355.515  539.854 
354.357  500.993 536.454  485.083 559.324  521.248 355.7  539.959 
354.251  500.996 536.349  485.09 559.22  521.226 355.596  539.932 
354.146  500.979 536.244  485.078 559.117  521.185 355.491  539.885 
354.314  500.92 536.024  485.094 559.421  521.114 355.126  539.847 
354.606  500.947 536.138  485.205 559.45  521.147 355.381  539.929 
354.216  501.012 535.945  485.036 559.077  521.146 355.361  539.834 
354.603  501.024 536.078  485.105 559.259  521.158 355.372  539.877 
354.172  501.03 535.613  485.23 558.877  521.212 355.444  539.939 
354.532  500.953 535.971  485.149 559.237  521.113 355.804  539.844 
354.733  500.885 536.352  484.994 559.568  520.999 355.693  539.7 
354.692  500.88 536.707  484.915 559.492  520.972 355.694  539.618 
354.564  500.798 536.1  484.903 558.943  520.891 355.16  539.571 
354.071  500.738 536.089  484.848 558.896  520.848 355.221  539.504 
354.375  500.96 535.889  484.92 559.406  521.342 355.586  540.068 
354.266  501.133 536.115  484.919 559.736  521.122 356.221  540.297 
353.434  501.162 535.417  485.032 559.061  521.131 355.692  540.385 
353.613  501.091 535.4  484.935 559.398  521.006 355.742  540.288 
353.845  501.052 535.631  484.877 559.628  520.928 355.973  540.23 
354.041  500.982 535.415  484.795 559.377  520.821 356.052  540.15 
354.028  500.897 534.686  484.667 558.917  520.683 355.737  540.051 
354.254  500.849 533.673  484.726 558.591  520.863 355.626  540.077 
354.658  500.907 534.471  484.823 559.496  520.948 356.096  540.182 
354.462  500.864 534.02  485.105 559.394  521.013 355.366  540.349 
354.564  500.953 534.861  484.99 559.894  521.062 355.6  540.345 
354.653  501.048 535.244  485.001 560.004  521.156 355.76  540.369 
354.533  501.203 535.162  485.045 558.978  521.214 355.762  540.468 
354.392  501.175 534.776  485.209 559.348  521.248 355.498  540.571 
354.156  501.149 533.856  485.411 558.709  521.271 355.14  540.704 
354.244  500.909 533.67  485.613 558.929  521.164 355.725  540.248 
353.945  500.69 533.159  485.393 558.344  520.746 355.44  539.891 
353.1  501.13 533.505  485.178 557.657  520.502 355.199  539.902 
354.161  501.482 534.831  485.375 558.849  521.01 356.008  540.223 
354.795  501.039 536.003  484.853 559.544  520.73 356.348  539.976 
354.189  501.465 535.487  485.239 558.578  521.098 356.134  540.356 
354.74  500.836 535.691  484.582 558.952  520.835 356.267  539.899 
354.582  501.205 536.395  484.842 559.593  521.17 356.192  540.144 
354.26  500.812 535.861  484.528 559.228  520.678 355.689  539.621 
354.127  500.965 536.125  484.513 559.274  520.696 355.659  539.579 
353.513  501.053 535.854  484.922 559.163  520.798 354.892  540.001 
354.096  501.058 536.507  484.83 560.068  520.769 355.444  539.94 
354.418  501.129 536.6  484.818 559.493  520.804 355.882  539.887 
354.652  501.095 536.517  484.867 559.359  520.764 355.864  539.872 
353.901  501.004 535.889  484.997 558.797  520.639 354.883  539.986 
354.056  501.157 535.649  484.99 559.364  520.895 355.074  540.073 
354.407  501.443 536.295  485.092 560.024  521.149 355.645  540.224 
353.96  501.04 535.594  484.836 559.369  520.587 355.449  539.289 
354.397  501.193 536.516  484.718 559.944  520.749 355.827  539.838 
353.923  501.115 536.165  484.719 559.795  520.707 355.753  539.777 
354.253  500.966 536.107  484.676 560.012  520.571 356.054  539.663 
353.318  501.028 534.721  484.855 558.58  521.009 354.522  539.909 
354.64  501.103 536.036  484.877 559.828  521.09 355.701  539.901 
354.479  501.281 536.339  484.936 559.625  521.251 355.879  539.957 
354.311  501.378 536.354  485.122 559.959  521.373 356.056  540.049 
354.001  501.049 535.907  484.69 559.599  520.98 355.321  539.917 
354.572  500.82 536.762  484.242 559.887  520.722 355.655  539.928 
354.305  501.049 536.441  484.809 559.552  521.368 355.664  540.122 
354.896  501.144 537.022  484.547 560.16  521.067 356.077  540.133 
354.228  501.08 537.037  484.752 559.296  521.212 355.228  540.245 
354.112  500.815 536.363  484.348 559.503  520.799 356  540.056 
354.084  501.073 536.74  484.895 560.098  521.102 355.354  540.189 
353.417  501.259 536.047  485.154 559.412  521.293 353.995  540.61 
353.948  501.158 536.303  485.423 559.895  521.332 354.286  540.783 
352.937  501.263 537.759  484.892 559.414  520.988 354.422  540.543 
354.051  501 538.849  484.758 560.352  520.926 355.564  540.274 
353.211  500.837 537.329  484.525 559.574  520.553 354.126  540.411 
353.217  501.551 536.962  484.293 558.833  520.414 355.022  540.529 
353.459  501.684 536.381  484.239 560.577  520.23 355.339  540.778 
353.519  501.647 536.678  484.181 560.554  520.51 355.003  540.95 
353.946  501.816 536.533  483.738 561.354  520.448 355.035  541.433 
353.912  501.475 536.316  483.814 560.716  520.694 354.571  541.313 
353.931  501.545 535.54  483.605 560.426  520.392 353.512  541.788 
354.139  501.625 535.674  483.525 560.364  520.43 353.567  541.977 
354.241  501.299 535.568  482.685 560.583  519.978 354.168  541.849 
353.378  501.505 533.3  483.952 559.152  520.456 353.838  541.904 
353.269  501.213 534.307  483.024 558.496  520.099 354.118  542.506 
353.323  500.668 534.902  481.716 559.043  519.299 353.806  542.626 
353.529  499.892 534.921  480.861 559.226  518.908 353.799  541.997 
353.676  500.66 535.481  482.331 560.194  519.742 354.361  542.178 
353.446  500.672 535.751  482.124 559.772  519.343 354.487  542.048 
353.89  499.705 535.562  482.634 559.003  519.784 354.209  541.574 
353.809  499.253 535.565  482.91 559.241  520.155 353.479  541.047 
354.064  498.675 535.143  481.892 558.766  519.748 354.071  540.859 
354.494  497.95 535.574  480.711 558.658  519.515 356.06  540.631 
354.138  498.085 536.288  480.498 558.693  519.664 356.373  540.589 
353.625  498.337 536.592  480.688 559.296  519.597 355.504  540.743 
353.086  498.322 536.284  481.542 559.851  520.029 354.407  540.054 
353.299  497.785 537.489  480.45 559.481  519.869 354.528  540.04 
354.375  497.724 537.964  479.607 559.395  519.724 356.383  540.183 
354.321  497.379 538.174  479.408 558.937  519.993 355.266  540.038 
354.319  497.158 539.319  480.011 560.105  520.544 356.639  539.684 
354.33  496.61 539.559  479.611 560.794  520.275 356.824  539.208 
353.3  496.759 539.162  479.665 560.483  519.999 355.995  539.348 
354.588  497.26 538.644  480.232 561.089  520.208 355.544  539.383 
353.631  496.78 538.821  481.268 559.596  521.141 355.487  539.196 
354.556  494.917 540.128  479.848 560.378  520.656 355.048  538.39 
354.544  495.343 539.078  479.811 560.694  520.774 354.849  538.358 
355.105  495.424 539.246  480.164 560.899  520.634 356.03  538.358 
355.238  495.426 539.349  480.16 560.792  520.414 356.807  538.274 
354.049  495.343 540.563  479.055 561.378  520.288 357.434  538.134 
355.945  496.226 539.603  480.412 561.922  520.868 358.517  538.011 
355.758  494.754 538.949  479.281 561.642  520.435 358.385  537.297 
354.859  494.973 539.368  479.432 559.815  521.204 357.697  538.182 
354.229  494.473 538.878  478.033 559.429  520.64 356.898  538.708 
354.516  494.23 539.562  478.589 559.12  520.904 356.273  538.587 
355.59  494.596 540.053  477.091 561.388  520.337 358.51  538.516 
353.738  493.09 537.509  476.134 559.917  520.086 358.029  537.68 
353.964  491.924 536.447  475.886 559.018  520.215 358.211  538.118 
354.66  490.301 539.214  473.087 560.168  520.194 360.653  537.931 
352.08  489.623 534.407  472.266 557.002  519.8 358.803  537.435 
355.384  489.217 536.508  471.8 559.108  518.954 359.114  537.921 
355.767  489.051 537.105  471.641 559.698  519.005 358.647  538.218 
355.994  487.463 538.533  469.62 560.02  517.873 357.944  538.028 
351.221  485.652 540.238  466.885 561.235  517.829 358.247  538.544 
349.678  483.213 536.767  465.657 559.003  517.654 356.382  538.22 
348.988  481.098 535.89  465.087 558.512  517.318 355.63  537.65 
349.585  478.181 536.368  462.723 558.213  516.119 354.471  537.574 
343.735  474.561 537.196  459.363 556.541  515.984 353.26  537.336 
345.134  471.762 536.177  457.824 556.799  516.625 354.593  539.716 
349.026  468.981 536.907  454.012 557.822  517.383 354.514  539.086 
350.631  468.656 538.638  452.772 558.044  515.972 354.936  537.972 
350.714  465.836 539.218  451.325 557.937  516.769 354.48  537.961 
352.481  462.523 541.52  449.69 557.224  517.011 355.069  538.975 
348.864  460.395 540.486  447.349 555.826  517.779 353.145  539.258 
346.348  455.136 539.88  444.054 555.061  517.247 353.045  536.987 
350.516  452.69 542.968  440.28 558.765  517.856 357.82  536.651 
349.716  450.121 541.762  437.9 558.076  518.524 356.151  536.322 
348.108  447.723 541.741  435.104 558.507  517.281 357.327  535.692 
348.111  447.845 541.115  436.742 557.086  518.366 353.986  537.163 
349.715  444.746 541.764  433.881 557.23  519.406 356.167  536.856 
352.558  442.281 542.668  432.375 558.044  518.896 355.027  535.181 
352.426  439.93 542.304  430.928 557.69  519.211 353.734  534.648 
352.3  439.78 543.24  429.47 558.737  519.247 356.139  535.156 
351.788  439.693 543.667  428.879 560.314  519.753 356.054  535.148 
351.014  438.634 544.441  426.077 559.812  518.336 358.629  533.614 
347.325  438.515 546.449  423.403 555.538  514.691 360.673  529.159 
349.113  436.701 545.588  422.466 556.229  516.426 363.351  528.469 
350.203  435.146 547.07  422.328 556.013  517.573 361.438  529.253 
351.553  433.651 547.569  418.236 555.392  517.028 363.345  526.654 
358.135  428.323 552.195  417.412 560.683  513.219 373.598  517.575 
352.491  432.232 547.302  422.552 558.311  517.749 366.474  521.38 
354.501  431.899 549.573  420.807 559.637  518.371 370.248  520.849 
355.277  431.707 549.197  420.28 558.353  519.698 367.763  522.875 
356.878  430.69 549.184  419.254 560.389  518.383 368.774  523.926 
354.061  430.511 549.529  415.855 557.791  518.671 366.482  525.613 
358.694  430.525 549.673  415.08 561.374  521.693 365.67  530.655 
361.02  428.738 551.707  413.26 562.645  523.651 367.382  529.568 
358.732  427.831 552.417  411.93 561.065  519.371 371.805  526.33 
350.475  425.845 549.28  411.457 557.359  516.43 371.097  524.443 
354.676  426.844 552.03  412.376 559.983  516.973 374.27  526.778 
354.741  428.066 550.77  413.057 555.385  515.158 373.285  522.818 
356.367  425.953 551.968  412.596 557.238  514.818 374.342  521.119 
356.094  426.032 551.648  412.895 558.286  515.568 373.518  521.798 
357.116  427.078 551.996  412.915 558.279  517.115 372.48  523.597 
354.519  425.159 547.309  410.239 558.283  519.585 368.692  526.891 
352.284  424.893 549.953  409.76 559.353  519.432 367.889  524.828 
352.907  424.456 550.853  410.701 560.487  520.282 369.363  523.368 
352.357  423.565 552.266  411.364 561.641  519.507 368.612  523.242 
356.695  421.362 554.967  410.836 564.26  518.255 373.372  521.57 
359.557  424.597 557.765  407.414 565.288  520.029 372.2  522.882 
361.054  423.865 556.312  408.812 561.639  522.394 372.979  523.297 
358.074  423.146 554.783  409.525 558.281  522.571 366.392  525.429 
358.393  421.2 552.613  409.395 559.341  522.048 365.823  524.79 
362.312  421.876 557.528  408.018 561.824  521.449 370.246  523.934 
358.916  421.626 555.029  408.913 558.943  520.121 370.582  523.394 
358.067  423.235 555.161  409.816 559.278  519.845 370.996  526.007 
355.946  421.466 556.952  408.226 555.178  517.373 371.36  521.34 
357.246  420.383 557.691  409.798 557.024  518.119 369.48  522.39 
354.125  421.489 558.961  408.502 551.947  516.252 365.232  522.587 
353.423  422.687 559.422  409.046 553.267  516.235 368.094  521.625 
353.205  422.275 558.526  410.284 553.891  515.634 368.511  521.723 
350.24  421.535 562.547  409.686 555.263  514.409 364.527  520.958 
350.875  419.857 562.972  410.288 553.999  513.495 362.732  519.049 
349.186  419.348 563.129  411.991 557.004  515.818 365.515  523.047 
346.645  419.352 563.18  410.541 556.965  513.915 364.256  521.831 
351.355  420.147 564.137  410.602 561.282  510.856 368.024  522.993 
341.515  422.508 564.691  413.214 560.572  512.552 364.585  524.318 
340.117  422.554 566.429  410.37 565.544  509.326 367.217  523.285 
339.331  424.325 565.539  411.081 568.708  509.304 367.667  524.937 
335.425  425.228 560.977  415.769 562.04  511.077 362.151  523.657 
338.437  424.415 563.902  413.955 562.606  510.98 359.904  523.677 
337.356  423.597 564.416  416.036 560.45  513.599 359.244  526.256 
337.751  421.952 565.875  414.011 557.781  511.519 357.716  523.456 
342.893  420.673 569.978  415.357 560.984  511.457 359.715  523.258 
340.082  422.413 566.223  415.91 555.384  512.855 354.283  524.92 
340.475  423.766 566.503  416.88 557.006  514.951 353.851  527.858 
342.067  424.019 567.805  416.45 558.568  517.109 353.921  529.299 
341.171  422.356 568.138  416.198 560.949  518.794 349.521  530.332 
342.618  423.165 569.283  416.846 560.43  518.989 352.155  527.677 
344.368  424.595 570.548  418.53 561.429  519.488 353.426  529.779 
345.311  423.364 570.768  417.881 560.336  516.996 352.849  528.054 
344.476  424.133 570.076  417.798 559.055  517.628 351.265  528.827 
345.734  425.027 570.074  418.746 557.643  518.234 350.671  530.886 
343.76  426.104 566.774  419.955 556.905  517.573 349.042  530.945 
344.996  426.474 567.787  417.97 556.808  515.948 349.331  530.417 
347.88  425.775 568.971  418.492 559.224  517.513 350.919  530.041 
349.486  424.957 568.631  418.001 560.306  519.873 348.823  531.525 
348.296  426.01 567.773  418.495 559.832  520.285 348.409  533.734 
349.985  427.558 569.945  418.109 559.091  523.715 350.98  532.404 
347.573  427.691 567.956  417.136 558.155  520.723 351.237  532.87 
347.921  425.685 567.813  415.101 557.698  516.746 351.17  531.316 
351.094  426.402 571.108  416.23 558.001  520.064 351.871  531.676 
352.879  423.866 567.981  417.809 561.745  521.242 349.172  535.277 
350.349  422.409 566.617  417.782 559.126  522.09 343.295  534.787 
351.857  423.284 566.55  418.084 560.512  522.89 344.571  536.556 
348.884  425.227 566.688  417.594 559.009  521.031 343.48  534.851 
350.081  425.423 569.706  415.221 563.908  522.504 348.779  533.336 
348.829  425.092 568.889  414.152 561.586  522.062 349.191  532.89 
349.299  425.676 570.674  412.843 562.215  521.609 351.205  533.424 
347.66  424.499 569.893  413.287 561.583  520.786 350.249  531.848 
345.072  424.392 567.143  414.37 560.277  519.436 348.15  533.9 
346.754  422.735 568.3  412.209 561.549  518.161 349.144  533.282 
345.442  421.567 568.704  411.764 559.217  515.581 345.161  530.842 
346.977  419.811 570.273  410.126 560.478  513.568 349.254  528.522 
345.568  419.114 568.099  410.173 557.916  512.003 349.909  527.099 
346.909  415.917 567.639  406.77 559.873  509.056 350.623  525.017 
346.534  415.701 567.778  403.603 557.693  506.018 351.898  522.349 
348.811  412.282 572.295  398.748 559.342  500.445 353.491  517.256 
348.594  410.384 570.867  395.31 559.899  497.566 351.288  516.52 
348.671  406.026 568.852  391.577 560.265  493.698 350.366  511.581 
349.7  403.6 570.075  388.557 561.412  490.992 352.668  508.488 
349.764  398.427 568.829  384.778 561.247  488.089 352.136  504.872 
350.586  392.684 568.166  382.219 560.388  485.417 352.104  499.062 
349.469  388.455 568.987  377.085 558.713  480.456 351.801  494.755 
348.68  384.472 568.153  372.461 559.437  476.243 354.381  489.936 
347.231  380.049 566.912  370.189 559.827  470.976 353.669  485.518 
347.434  373.85 566.862  363.686 561.397  465.491 353.454  481.161 
348.295  367.724 566.488  358.239 559.739  460.346 351.925  476.269 
347.874  364.364 566.382  351.592 558.862  454.893 355.093  470.214 
347.308  358.128 564.928  346.139 559.589  447.912 354.315  465.32 
348.34  351.968 564.325  338.625 560.933  441.419 355.06  461.213 
349.653  346.297 563.261  331.961 559.102  436.081 355.523  455.215 
351.047  341.65 564.464  326.467 560.419  431.978 354.878  450.377 
350.924  336.496 562.484  319.243 561.589  425.476 356.304  446.11 
350.198  333.536 560.613  315.039 559.809  419.477 355.666  439.641 
348.547  327.496 559.401  308.751 557.587  412.395 354.266  433.537 
348.542  322.516 559.478  304.227 556.626  408.46 355.445  427.82 
348.483  318.522 558.032  300.739 554.571  404.064 354.853  423.82 
349.241  315.224 557.997  296.629 555.495  400.357 355.251  418.738 
349.166  309.525 556.651  292.286 555.804  394.852 353.005  414.335 
350.588  305.142 554.501  288.821 556.371  393.113 351.833  409.861 
350.808  301.936 553.396  286.508 556.019  388.76 351.956  407.718 
350.167  295.07 552.625  282.198 554.842  384.475 350.735  401.216 
351.269  292.853 554.001  277.57 554.771  381.031 353.997  398.238 
348.824  289.118 552.085  274.443 551.892  378.11 350.899  394.834 
351.801  287.32 553.152  272.271 551.101  373.783 353.764  391.56 
353.324  284.185 551.074  269.535 547.468  369.276 354.405  388.526 
354.193  278.909 550.952  265.835 547.144  364.911 354.904  382.089 
353.652  277.455 549.196  264.612 546.801  360.315 356.797  381.159 
351.346  273.892 547.349  260.917 545.839  357.652 355.785  376.932 
350.406  272.049 545.366  258.689 544.166  355.851 354.86  373.989 
352.805  269.369 544.599  257.265 544.857  353.298 355.826  372.508 
350.94  267.084 543.007  255.09 542.308  351.08 353.59  370.027 
349.841  264.393 542.714  253.573 542.237  349.941 355.174  368.082 
348.948  263.853 541.01  252.035 542.048  347.883 351.823  366.12 
351.211  265.985 542.355  251.43 542.881  347.828 353.603  364.456 
350.75  267.49 541.947  251.88 540.7  347.926 353.574  364.863 
350.727  264.431 541.614  249.364 541.029  345.497 352.312  362.788 
350.123  264.309 540.518  248.5 539.977  345.457 353.637  363.244 
349.858  264.291 540.174  248.174 541.087  344.354 354.062  363.357 
348.844  262.985 538.532  248.634 538.924  343.113 353.234  362.342 
348.623  263.179 539.512  245.393 538.64  342.166 352.79  359.734 
349.307  263.803 539.49  246.666 538.118  341.571 354.004  360.565 
348.351  262.455 538.517  247.693 537.458  341.409 353.262  360.857 
348.021  262.343 538.439  248.285 537.336  339.46 352.386  359.266 
348.028  261.766 541.112  249.28 539.373  339.502 353.253  358.899 
348.379  262.127 539.27  248.743 539.195  340.293 350.439  361.728 
348.237  262.498 537.903  248.544 538.252  340.798 350.292  360.099 
348.475  263.08 539.021  249.63 539.028  341.627 351.451  359.378 
347.137  263.608 538.431  250.647 538.597  343.745 352.831  360.67 
346.122  261.731 537.772  249.778 537.811  342.791 353.291  358.374 
345.351  261.611 538.89  249.903 536.788  342.684 352.888  359.788 
345.084  262.208 537.759  250.543 536.455  342.368 354.56  362.392 
345.768  261.981 538.089  249.906 534.861  343.872 354.845  360.739 
343.284  258.233 538.956  249.65 535.582  342.063 353.371  359.841 
346.392  260.742 536.198  250.81 536.591  345.142 350.678  364.73 
348.299  264.251 537.929  252.407 538.495  346.657 351.027  363.683 
348.6  262.97 537.847  250.675 538.416  343.997 350.448  363.034 
351.472  262.511 537.372  252.551 538.138  343.65 350.269  364.628 
354.03  261.658 536.619  251.447 538.783  344.769 349.151  366.425 
358.176  260.729 537.431  251.359 540.864  345.417 350.025  367.526 
354.701  262.203 534.568  250.941 538.585  344.957 348.244  367.182 
353.162  264.065 533.209  251.993 538.811  344.561 347.827  368.656 
353.702  265.01 536.109  251.264 539.404  344.961 349.877  368.137 
353.877  264.665 537.816  250.232 539.229  344.893 350.744  367.287 
355.143  263.819 539.378  251.045 541.251  346.182 349.356  368.88 
353.011  264.822 539.747  250.231 541.46  346.041 350.685  365.704 
355.011  264.684 542.211  251.156 543.035  346.917 352.375  365.318 
356.219  265.539 542.841  250.503 542.854  347.285 352.595  365.595 
355.152  266.398 542.904  252.004 543.173  348.379 352.16  365.422 
362.245  268.193 546.469  250.776 554.328  349.584 356.61  367.559 
356.943  269.355 541.825  250.902 548.977  347.474 353.188  368.314 
354.829  270.174 541.458  251.409 549.545  348.021 352.425  368.225 
356.797  269.659 545.328  251.006 550.755  345.82 355.702  365.032 
358.452  269.793 546.408  252.169 552.004  346.713 357.033  365.101 
356.381  268.612 544.385  250.82 548.009  345.782 356.232  363.733 
356.437  268.807 549.191  249.023 548.599  342.581 358.926  361.493 
355.053  270.344 547.886  250.401 551.448  345.296 357.728  361.284 
354.863  268.777 548.115  248.771 549.398  342.684 357.447  359.553 
353.511  268.297 546.258  248.919 545.34  342.636 355.463  359.351 
354.36  269.565 544.972  249.768 546.285  342.763 355.948  361.08 
353.982  267.775 545.107  249.799 544.071  342.499 355.77  361.498 
355.893  265.77 545.737  249.014 546.453  342.904 356.776  360.523 
356.24  264.81 543.292  250.655 543.784  344.705 356.776  360.372 
358.516  264.456 547.042  249.996 546.537  342.387 360.729  360.761 
355.668  262.53 544.702  251.249 542.148  344.598 357.547  362.506 
355.287  262.465 545.645  250.803 544.533  345.782 358.984  362.257 
354.737  263.499 545.388  250.988 545.422  344.372 359.925  363.584 
353.984  261.622 545.67  250.568 543.761  344.097 361.047  362.059 
354.933  261.219 545.024  250.975 544.024  344.487 359.385  362.02 
352.049  262.621 544.207  251.656 544.04  344.848 358.823  363.328 
353.262  262.078 543.957  251.303 545.148  342.323 358.386  362.391 
353.212  261.546 544.708  251.935 544.517  342.682 357.401  362.817 
353.432  261.099 545.524  251.463 544.564  342.713 359.082  361.896 
354.636  261.728 544.56  251.446 541.908  344.009 357.172  361.508 
354.205  263.075 543.678  252.123 541.915  345.932 356.208  361.443 
355.407  263.589 545.362  250.324 544.117  345.634 358.697  360.953 
356.133  264.032 546.998  249.533 547.048  344.69 359.609  359.599 
356.535  263.854 546.804  249.834 547.475  343.785 359.369  359.957 
360.545  262.668 547.012  249.772 546.362  344.079 362.963  358.895 
356.27  263.766 545.391  249.51 545.203  341.297 359.072  360.459 
353.451  262.087 544.171  248.958 543.237  341.308 356.391  357.989 
355.997  262.277 545.635  249.72 544.618  342.404 356.965  358.34 
358.258  259.801 546.719  249.666 546.664  344.271 359.208  355.011 
357.927  258.818 547.037  249.091 547.941  344.202 360.167  353.98 
354.389  258.362 546.042  250.074 545.483  345.082 358.192  354.043 
355.17  258.091 545.891  250.083 545.702  344.759 357.316  353.824 
354.544  258.039 546.401  249.883 545.331  345.178 359.101  353.252 
352.001  257.099 544.485  249.644 543.356  344.928 358.29  353.003 
353.373  257.88 543.001  250.744 543.375  346.547 357.024  355.1 
352.873  257.828 542.522  251.818 542.501  346.431 355.885  355.853 
351.602  257.418 542.368  251.914 541.454  345.488 355.227  356.553 
351.104  255.32 543.243  251.04 540.344  344.463 355.47  355.993 
351.248  256.33 545.385  251.325 542.167  345.562 357.659  356.995 
352.938  259.006 547.633  248.742 544.346  343.876 358.674  357.413 
352.765  259.958 544.48  251.144 541.7  345.533 356.969  357.34 
354.051  259.35 544.842  252.619 542.244  345.43 356.042  357.125 
353.289  258.157 544.284  251 543.171  345.221 355.73  356.999 
354.925  260.168 543.872  251.56 543.382  346.263 354.783  360.113 
354.912  260.968 546.564  250.803 544.179  345.299 354.249  358.882 
355.917  261.311 548.687  250.471 545.605  345.03 356.547  357.553 
356.917  260.854 551.256  249.306 546.383  344.847 358.231  356.508 
358.145  260.557 551.484  249.221 546.068  344.93 359.183  354.912 
357.454  260.398 551.119  248.351 547.088  344.603 359.862  354.997 
357.311  260.486 550.226  248.732 546.717  344.001 360.473  353.83 
355.42  258.951 549.208  249.25 546.753  343.482 358.806  351.189 
355.989  258.315 550.676  250.858 548.74  342.282 357.953  350.905 
357.47  256.833 549.899  252.354 547.443  344.106 358.863  350.196 
359.332  255.567 552.385  251.035 548.414  343.998 359.583  349.066 
363.264  255.538 552.228  251.108 549.633  347.966 359.939  350.351 
363.022  255.459 552.577  250.41 547.251  347.341 360.445  350.728 
363.811  252.757 552.709  249.556 547.29  345.366 360.93  348.665 
362.226  251.428 552.727  247.19 545.468  343.65 361.356  345.866 
363.124  250.768 553.318  247.238 545.5  343.451 361.801  345.844 
362.599  248.914 552.233  247.933 543.752  339.669 363.321  347.592 
357.556  246.187 548.533  245.495 539.041  338.942 360.852  347.682 
356.938  247.422 546.749  244.564 539.833  338.821 360.464  347.075 
356.495  247.58 547.023  244.938 541.605  338.839 361.304  346.089 
360.337  249.279 548.976  246.103 546.122  341.175 362.895  345.372 
361.744  250.248 548.768  249.93 546.453  344.681 360.7  345.507 
360.574  250.031 549.903  250.379 545.44  344.039 360.819  344.728 
358.047  250.398 551.775  250.466 544.944  343.957 361.985  345.968 
360.389  249.603 554.355  249.477 545.961  343.635 361.916  343.638 
358.687  253.362 550.454  250.575 543.344  342.357 358.293  346.165 
359.549  253.158 552.45  251.783 544.384  342.373 358.937  344.206 
359.127  252.195 552.106  250.721 543.387  341.859 356.066  344.619 
360.679  251.79 551.108  249.734 544.576  340.431 358.065  343.42 
360.832  251.898 549.168  249.432 546.429  341.25 358.148  344.809 
358.787  252.349 548.797  248.889 546.295  340.65 358.498  345.659 
357.798  251.328 548.983  247.424 546.006  338.426 358.493  342.916 
359.715  252.568 549.496  244.17 549.299  339.668 361.87  345.772 
356.987  250.338 548.645  242.367 548.585  338.331 358.571  343.992 
357.733  247.787 548.32  240.515 546.844  335.223 358.139  343.448 
356.897  245.698 549.224  237.537 546.406  335.351 359.981  342.837 
356.441  243.562 549.159  235.095 548.091  333.85 358.643  342.271 
357.104  240.27 549.26  232.008 547.44  331.809 358.628  341.329 
358.05  239.914 551.293  230.565 549.292  330.969 359.932  341.004 
356.597  235.978 551.626  228.994 548.768  328.35 359.498  337.078 
357.385  235.403 553.718  227.382 550.613  327.421 361.477  334.223 
358.756  233.456 553.325  227.388 550.559  327.815 361.869  331.601 
358.64  230.496 555.562  223.547 552.004  325.293 363.89  328.206 
359.526  228.166 556.957  221.003 552.697  324.16 365.678  326.549 
360.341  224.559 557.88  219.836 553.838  323.332 365.342  324.837 
360.565  220.006 560.257  216.618 554.368  320.594 364.695  322.659 
361.183  217.682 561.14  215.869 555.933  320.506 363.932  320.351 
361.442  216.825 559.539  215.027 554.693  318.947 363.981  318.36 
362.213  215.463 559.557  216.521 552.95  317.558 363.902  315.06 
365.06  213.56 561.286  216.885 555.906  318.882 364.861  313.365 
367.069  212.502 562.961  216.109 556.82  318.898 365.843  311.264 
368.122  210.84 563.782  214.772 559.805  319.821 365.884  309.312 
367.588  209.061 565.07  212.727 558.899  317.838 366.348  307.454 
368.54  205.08 566.461  210.698 561.591  316.385 367.07  303.936 
367.262  202.228 562.176  209.51 558.387  315.232 363.578  301.972 
370.541  200.681 564.257  211.714 560.163  317.067 364.962  300.827 
370.861  198.967 565.516  211.798 560.036  318.864 367.372  296.969 
371.441  197.731 568.425  213.376 559.766  321.295 369.935  291.81 
371.544  197.259 566.246  214.509 556.403  323.354 367.167  289.945 
370.491  195.082 565.336  213.867 554.743  323.045 367.236  286.576 
374.993  194.107 567.307  219.041 555.788  326.233 368.809  287.568 
373.114  192.593 568.457  217.425 554.434  325.2 366.614  285.376 
369.126  192.623 566.457  219.887 550.83  325.919 363.014  285.82 
369.53  194.235 566.464  224.277 553.889  329.816 362.539  288.068 
370.792  195.089 568.434  224.777 552.78  330.184 364.844  286.681 
373.029  197.335 571.482  228.467 553.779  334.493 367.316  287.669 
374.213  199.698 571.851  234.625 552.817  339.468 365.609  288.957 
376.471  204.3 572.118  241.643 554.184  344.38 367.15  293.146 
376.788  205.525 571.045  247.281 556.107  348.388 365.341  294.443 
378.997  206.887 569.221  251.81 552.637  350.039 364.7  295.502 
379.098  207.869 570.457  255.357 552.979  351.168 363.994  296.732 
380.568  209.938 573.336  259.21 554.07  354.074 365.884  299.195 
377.715  209.022 574.225  261.92 551.901  354.812 365.183  298.368 
383.104  207.757 578.169  260.866 556.799  356.406 369.011  298.471 
385.939  207.604 578.77  265.012 556.754  361.252 366.86  298.764 
387.223  208.268 582.309  264.346 556.116  360.119 367.798  298.552 
387.933  205.647 582.124  265.128 555.028  359.681 367.099  295.61 
388.316  204.809 584.165  264.429 555.823  358.378 366.493  295.513 
389.616  204.584 584.18  264.986 556.908  360.011 368.022  295.183 
387.903  205.174 584.498  266.3 555.473  360.457 365.082  295.18 
390.819  206.056 586.253  264.617 558.053  360.736 368.886  295.644 
391.318  205.283 587.926  265.01 557.173  360.729 367.87  294.424 
391.292  204.754 587.037  265.376 555.211  360.294 370.149  292.92 
391.562  205.453 585.159  266.38 554.885  363.894 370.379  293.598 
391.484  206.696 585.659  264.937 552.971  361.424 372.061  294.845 
393.016  208.919 587.483  264.77 555.462  361.514 372.933  295.852 
393.834  209.386 585.227  264.401 553.119  363.504 374.512  295.202 
390.486  209.396 582.241  265.591 553.017  363.034 371.459  295.59 
389.974  209.103 584.696  264.503 554.051  361.879 372.849  294.431 
388.347  208.477 584.14  263.265 554.02  359.691 371.857  294.335 
386.422  207.789 582.529  262.785 552.47  359.105 369.509  295.606 
385.511  207.886 579.946  263.401 549.452  359.909 369.832  296.236 
388.945  209.988 577.843  265.132 552.586  362.545 367.738  296.754 
390.836  212.841 578.042  266.274 553.997  361.807 364.836  296.269 
389.058  210.094 577.889  264.69 551.232  359.788 364.271  295.393 
386.811  209.122 577.041  262.843 547.659  356.451 362.533  295.08 
389.716  211.336 579.739  261.24 550.418  357.477 366.101  298.525 
386.968  212.625 578.558  261.882 547.541  359.487 367.093  298.851 
386.537  213.688 580.541  260.746 549.859  357.987 370.37  298.198 
384.544  215.675 576.696  263.588 549.926  360.24 367.878  301.797 
381.398  214.21 576.513  263.042 550.265  358.403 366.697  300.054 
379.019  215.433 577.198  262.384 550.849  360.359 367.577  301.976 
378.184  215.936 577.582  262.452 549.14  357.647 369.341  301.894 
377.915  216.328 577.075  263.754 549.408  355.835 370.116  301.764 
381.063  214.102 577.938  263.429 551.014  355.719 369.993  301.279 
379.151  216.021 578.805  263.936 550.289  355.524 370.764  303.057 
377.975  217.263 575.241  265.514 549.226  356.922 370.263  305.509 
377.516  217.985 577.81  265.019 551.774  358.477 370.014  306.78 
375.793  217.332 577.057  264.003 550.968  356.88 369.55  305.349 
377.383  218.51 577.272  263.87 551.787  357.65 369.782  306.337 
376.873  215.442 581.336  262.859 552.716  356.881 370.915  304.639 
374.957  215.316 579.471  261.236 552.956  356.847 370.322  305.23 
375.024  216.257 578.545  262.493 552.012  357.713 368.24  304.922 
372.902  217.883 577.088  263.547 550.645  358.462 365.389  307.025 
374.501  216.912 577.347  263.435 552.066  358.903 366.454  305.083 
375.008  216.394 577.164  261.589 551.359  357.972 365.973  304.207 
376.915  216.731 579.276  262.264 552.795  359.523 368.381  304.04 
375.915  216.777 579.144  260.925 551.598  359.349 367.044  304.588 
375.945  216.433 577.845  260.898 551.54  359.381 365.442  304.579 
376.724  215.82 577.927  261.507 551.929  359.068 367.2  302.529 
377.269  216.419 578.891  261.084 552.935  358.918 367.949  303.286 
377.241  214.967 575.654  261.098 552.239  360.721 365.474  304.119 
376.358  213.069 575.838  259.311 551.216  359.097 363.202  302.349 
379.028  214.021 576.524  257.09 551.909  357.79 365.484  302.691 
376.893  215.155 575.416  258.267 548.918  357.605 362.963  305.003 
377.947  213.53 574.699  257.88 553.362  358.313 364.794  304.333 
375.775  212.13 572.433  258.238 550.708  358.782 362.13  303.055 
374.739  213.131 576.336  257.628 552.346  357.851 365.769  303.124 
373.901  213.907 576.43  259.789 553.513  360.172 365.79  303.928 
373.521  213.2 574.975  257.458 551.218  357.805 365.165  303.256 
375.081  212.407 573.582  258.835 551.215  357.784 365.344  304.117 
376.13  210.89 574.073  257.065 550.593  356.264 365.372  303.681 
375.131  211.1 572.036  258.118 548.079  355.83 364.255  303.48 
374.672  212.032 572.718  259.186 547.662  355.772 362.776  303.487 
373.924  212.023 571.901  260.03 545.188  355.256 361.273  303.199 
376.414  212.571 576.464  259.892 550.033  355.167 365.933  302.672 
370.968  211.951 572.161  259.353 545.182  354.251 361.727  303.059 
373.375  210.89 574.023  259.167 546.857  354.206 364.251  302.517 
374.754  209.807 575.379  258.644 547.137  353.491 364.731  301.666 
374.959  210.941 575.467  258.622 547.833  353.142 365.856  302.145 
374.611  213.675 576.883  259.758 549.297  356.615 365.294  303.545 
374.202  213.194 576.726  259.572 547.933  354.112 365.201  301.867 
374.77  213.381 577.414  259.002 548.755  354.17 365.796  301.615 
373.495  212.741 577.78  259.027 548.178  352.949 364.588  300.321 
373.657  211.479 577.906  259.604 548.84  351.859 365.741  299.133 
374.281  211.749 577.75  259.805 550.124  350.783 367.032  300.035 
374.259  211.704 575.893  260.671 547.922  352.131 367.663  299.726 
376.487  211.715 576.335  259.796 550.75  351.919 370.366  299.567 
377.197  211.487 577.264  260.691 551.989  352.068 371.564  298.04 
375.81  210.916 574.436  260.771 551.674  352.688 370.005  299.2 
376.767  210.256 577.34  259.82 550.733  351.32 372.984  297.193 
377.336  212.809 578.278  261.281 550.217  353.121 374.301  298.619 
380.249  214.005 581.627  260.813 553.734  352.088 379.685  297.73 
381.274  213.765 579.923  261.189 553.411  352.623 379.599  297.757 
379.03  212.294 577.091  259.972 551.864  351.031 378.921  297.042 
378.379  212.667 575.9  259.511 550.577  352.837 378.946  298.696 
378.127  211.952 575.391  259.246 549.816  351.954 377.303  299.17 
376.332  211.275 573.2  259.816 548.359  352.17 372.912  298.798 
378.383  212.522 574.756  260.569 547.716  352.168 376.17  298.531 
378.524  212.348 575.712  262.419 547.882  352.428 376.795  297.592 
379.292  211.404 576.102  261.229 549.059  351.183 377.768  296.562 
380.954  211.995 576.415  261.013 548.557  352.13 379.245  297.685 
379.593  212.857 573.994  261.11 547.691  352.612 379.074  299.002 
377.731  212.869 578.1  260.81 541.831  350.617 377.687  296.632 
377.996  213.163 579.603  259.591 539.104  348.767 378.948  295.732 
380.86  213.614 581.336  260.064 542.176  350.342 380.511  296.25 
382.158  215.493 583.718  259.944 543.053  351.476 379.644  296.554 
382.829  214.12 581.942  259.814 545.447  350.439 379.85  295.154 
383.496  215.109 580.53  260.279 545.259  352.194 378.258  296.808 
382.451  215.113 578.245  259.147 542.738  350.489 377.49  296.367 
385.639  217.722 580.703  259.472 547.532  353.127 382.494  297.748 
385.129  216.919 581.445  258.806 547.187  352.905 382.602  297.784 
383.355  215.467 580.257  258.812 547.164  351.489 382.642  297.533 
385.934  216.16 579.586  258.208 547.941  354.964 383.137  299.12 
380.772  216.949 573.328  257.425 545.63  355.154 375.98  299.9 
377.533  213.29 573.51  257.336 545.067  349.952 372.625  295.401 
377.305  214.651 574.489  258.588 543.848  348.674 374.565  297.614 
377.736  214.46 575.818  257.492 544.372  349.077 374.754  296.972 
378.363  214.843 574.528  258.467 545.309  350.519 377.5  299.482 
379.898  215.471 575.956  258.442 546.054  351.223 379.65  300.871 
378.473  216.646 577.513  258.465 542.887  351.045 379.917  299.861 
378.704  215.918 579.078  257.308 543.384  347.39 381.716  298.074 
376.741  216.343 576.631  258.026 541.155  347.099 380.031  298.588 
377.24  217.411 577.421  257.402 542.992  346.099 381.035  298.662 
379.187  217.903 577.189  258.036 546.35  348.197 381.966  300.529 
376.011  216.036 577.05  258.862 544.919  346.856 378.486  297.764 
377.793  216.403 578.961  258.753 547.638  349.03 380.141  297.786 
377.55  215.735 575.854  258.15 547.211  349.313 378.943  298.361 
375.395  215.869 576.061  257.724 543.767  348.667 376.567  298.441 
375.747  214.33 575.693  259.184 546.364  349.327 377.247  298.212 
378.874  214.62 578.197  258.211 547.751  349.95 379.427  297.976 
375.796  214.52 578.571  258.83 546.545  350.8 377.229  298.9 
373.852  213.405 575.038  258.369 545.054  350.772 373.869  300.69 
376.256  212.875 577.128  258.582 547.202  350.707 376.811  299.595 
376.48  213.127 576.251  258.849 547.668  351.194 376.237  300.391 
375.013  213.73 575.296  259.367 547.217  351.547 373.12  300.773 
377.434  214.017 575.863  259.872 548.962  351.685 376.016  299.846 
377.387  213.607 577.75  260.933 550.785  352.488 376.559  299.04 
376.691  212.407 575.993  262.011 550.32  352.192 375.803  298.022 
376.015  210.901 575.452  260.371 549.063  351.766 374.977  297.736 
375.097  209.579 573.125  259.632 547.145  351.229 373.653  298.607 
376.617  210.057 573.564  259.469 547.744  352.417 375.587  298.629 
374.423  210.64 575.318  260.278 546.57  352.734 375.148  299.69 
374.86  211.631 574.896  261.427 547.318  355.121 373.378  301.652 
374.503  210.936 573.81  261.474 546.263  353.352 372.559  300.215 
373.231  209.795 571.138  261.986 546.931  353.604 370.8  300.684 
370.804  209.195 572.632  261.727 547.132  353.312 371.4  299.49 
371.125  210.725 573.77  260.318 548.196  354.961 371.403  299.881 
371.211  211.364 573.992  260.669 548.674  353.349 370.293  299.788 
369.712  211.134 572.597  261.117 547.468  353.158 370.421  300.467 
368.719  209.561 571.272  259.719 548.906  351.253 369.362  299.684 
366.808  212.344 570.101  257.54 546.065  351.557 368.336  301.371 
368.813  212.542 570.713  256.823 548.422  349.447 369.304  301.584 
369.578  212.234 570.176  255.221 548.006  349.174 370.302  301.615 
369.151  212.333 569.047  254.306 548.967  347.183 370.575  301.785 
367.018  212.73 564.796  255.245 545.421  347.149 367.332  302.615 
367.862  210.838 565.315  252.168 546.503  344.944 366.772  300.6 
368.166  211.354 566.865  251.328 546.474  345.12 366.202  301.548 
371.453  212.377 568.321  248.848 550.167  345.804 366.893  302.943 
370.734  212.895 569.347  246.591 550.623  346.841 368.719  301.273 
370.722  214.176 568.6  244.648 549.749  346.268 368.598  303.991 
373.842  214.287 569.92  241.452 552.206  345.18 370.86  303.409 
372.967  213.579 570.523  237.9 550.103  341.849 368.584  303.661 
373.761  212.317 570.112  236.203 549.784  340.728 369.348  303.368 
373.002  212.463 570.317  233.815 548.842  338.657 368.648  303.355 
372.554  210.781 568.356  231.996 549.965  336.289 366.752  303.378 
374.765  211.587 569.693  229.263 551.934  334.963 368.971  304.566 
374.424  210.751 568.17  228.458 551.62  333.477 367.282  305.391 
373.62  212.074 568.341  225.974 555.959  331.967 367.737  307.444 
370.797  213.654 563.193  227.385 552.59  331.778 361.775  311.348 
368.721  214.96 564.722  227.153 551.812  327.708 361.399  309.334 
367.371  215.898 563.342  227.424 553.219  327.021 359.879  310.801 
362.824  216.724 560.473  226.508 549.852  325.443 356.439  312.606 
364.425  216.71 559.191  226.748 551.016  326.522 356.92  312.459 
363.837  217.361 557.778  226.208 548.325  325.431 353.995  313.254 
364.344  219.07 559.193  224.019 547.989  324.46 355.757  313.261 
361.592  220.559 560.253  224.042 549.549  325.322 354.248  315.519 
359.917  219.866 561.602  222.706 550.125  324.335 356.437  313.715 
360.212  220.603 562.289  220.68 550.721  323.276 360.651  314.453 
357.821  222.448 559.94  222.633 550.399  326.158 358.053  318.72 
353.989  223.316 556.154  224.362 548.615  326.665 354.987  320.689 
352.397  224.355 555.28  224.693 548.468  327.069 355.296  321.899 
351.961  224.795 554.884  225.549 546.69  327.635 354.538  323.046 
352.285  223.467 556.042  224.528 546.486  327.34 356.771  324.399 
352.203  225.325 554.774  225.807 546.156  329.141 356.574  328.019 
352.915  226.658 557.216  224.941 547.644  328.282 355.188  328.616 
353.118  225.806 556.106  225.528 548.073  327.653 354.971  328.421 
354.799  226.783 557.408  225.495 551.208  326.865 357.669  328.328 
352.102  229.694 556.12  226.894 550.952  326.493 356.778  329.663 
352.55  232.54 555.92  227.553 551.867  327.676 358.501  332.227 
353.679  235.129 555.386  228.29 553.272  327.374 357.915  332.08 
354.228  235.456 553.618  226.814 555.177  327.904 358.921  332.767 
354.52  237.979 554.936  226.25 554.932  329.377 358.524  335.586 
355.556  239.814 556.808  224.888 555.274  329.65 361.083  336.804 
353.977  238.745 556.208  223.241 554.977  328.005 360.464  337.301 
354.199  239.343 556.76  222.935 552.747  328.02 364.065  338.14 
354.064  239.133 556.227  224.017 555.304  329.186 361.792  339.726 
353.193  239.643 554.429  227.321 554.156  330.219 358.518  342.817 
353.436  240.623 555.781  227.515 553.425  330.441 359.085  343.315 
355.602  240.848 554.455  227.417 553.114  333.422 358.945  343.247 
353.303  241.776 552.118  228.368 550.486  334.558 356.947  343.978 
351.518  242.166 552.573  228.895 551.254  334.348 355.543  343.507 
350.954  244.548 552.942  231.408 550.211  336.691 355.361  344.775 
349.677  246.297 552.484  233.263 549.831  338.133 352.641  346.282 
349.364  244.729 553.176  233.813 549.713  338.122 350.951  343.499 
347.449  243.09 554.828  233.582 549.304  338.552 350.904  344.094 
346.85  243.983 554.921  234.304 548.568  340.15 350.818  346.757 
348.343  243.428 555.981  234.017 550.691  340.181 353.531  346.715 
350.297  241.469 556.421  233.367 551.384  339.413 354.402  345.027 
352.832  243.278 555.811  233.163 552.268  338.012 354.975  345.561 
357.998  244.13 556.762  230.426 552.281  338.223 358.76  345.265 
360.757  245.09 559.024  231.663 555.01  337.248 357.768  348.341 
365.71  247.378 559.462  231.492 555.156  338.76 360.563  349.1 
364.885  249.359 558.565  234.122 553.642  339.337 358.97  350.788 
363.583  249.638 556.59  232.149 555.003  338.816 359.833  351.699 
363.325  250.528 556.201  231.809 555.426  341.627 358.51  351.905 
364.783  250.78 557.801  231.497 556.148  340.305 360.867  352.312 
361.827  251.832 554.73  233.203 554.23  341.307 358.771  352.949 
364.324  251.059 557.268  232.494 556.842  339.981 365.276  353.058 
360.663  250.214 557.372  232.471 555.797  340.09 361.824  350.976 
356.789  251.269 556.705  234.98 553.805  341.118 360.655  353.373 
353.039  251.588 556.804  234.983 552.037  338.929 358.013  353.505 
350.379  252.716 556.671  235.28 552.325  338.877 360.473  354.328 
347.823  248.287 555.241  234.65 551.434  337.487 360.116  351.57 
350.125  250.455 558.044  235.335 553.632  338.546 363.47  354.415 
351.703  251.277 559.017  235.041 552.975  337.705 361.637  355.92 
351.988  251.472 558.771  233.364 555.158  336.804 361.117  356.492 
350.803  252.016 559.622  232.515 555.096  335.473 360.463  356.115 
350.898  250.98 557.061  232.146 556.427  335.291 358.815  357.229 
349.563  250.148 558.064  232.954 555.691  335.266 359.222  357.042 
348.042  248.475 559.451  233.507 558.306  335.194 360.806  354.943 
349.416  251.986 559.737  235.182 559.765  336.556 363.423  355.985 
351.147  252 561.495  235.632 560.961  336.871 364.49  356.804 
352.699  253.741 562.078  235.849 561.202  336.454 364.276  357.768 
354.829  255.293 561.143  237.346 560.942  338.799 363.027  360.328 
356.519  260.28 561.736  241.791 560.611  342.237 362.211  366.213 
355.886  258.54 562.45  239.224 559.706  341.594 362.66  363.487 
356.119  257.193 562.481  239.867 560.109  342.717 364.001  364.893 
356.333  256.841 562.298  240.462 559.611  344.573 362.465  365.502 
356.727  256.723 562.742  240.883 560.127  344.41 362.779  365.139 
354.245  253.657 561.012  239.794 558.626  343.993 362.948  364.804 
356.314  257.551 563.89  239.791 562.086  345.716 364.264  365.35 
356.62  257.522 564.958  239.517 561.374  344.78 364.447  365.868 
358.865  257.451 564.721  238.031 561.338  342.613 365.752  364.726 
360.107  257.52 566.871  238.828 563.776  340.857 369.491  369.106 
358.62  258.578 563.853  237.881 564.211  341.744 369.267  366.888 
358.244  260.34 561.527  239.524 565.118  342.065 369.013  368.668 
359.873  262.318 562.638  241.289 566.59  341.532 368.033  368.997 
358.656  262.017 562.345  241.062 566.824  343.021 368.107  367.873 
359.384  263.323 563.148  239.259 568.634  341.906 368.158  369.287 
357.644  266.32 561.707  241.316 566.089  343.572 366.312  372.68 
356.658  264.796 561.133  241.692 564.495  343.56 365.115  370.729 
355.009  267.345 561.273  242.751 564.173  346.901 364.202  372.631 
353.296  264.035 560.088  244.568 562.87  348.534 362.846  369.357 
353.072  261.299 560.787  245.778 560.831  351.415 360.419  368.854 
356.963  262.32 560.791  246.72 560.806  357.218 361.419  368.465 
354.546  261.705 560.175  247.975 560.047  356.88 357.833  367.505 
358.726  261.377 563.548  247.079 561.653  357.727 361.218  366.165 
359.782  261.941 562.5  247.918 559.306  359.122 359.408  367.59 
358.922  262.984 560.529  247.115 558.299  358.9 359.943  367.281 
358.219  261.259 558.32  246.392 557.666  358.188 357.983  366.315 
356.16  259.738 556.194  247.059 556.435  356.722 355.503  365.949 
357.236  258.162 551.221  244.881 550.849  355.38 352.154  368.592 
359.67  253.655 555.35  242.437 553.253  353.329 356.417  366.082 
362.223  255.056 559.112  242.851 556.363  353.451 356.825  366.243 
362.752  257.67 559.675  244.608 556.799  354.326 356.976  367.691 
354.514  257.935 556.179  248.48 553.001  355.246 355.663  367.806 
356.469  256.992 559.395  247.338 557.124  353.886 358.84  366.398 
356.106  256.641 560.692  245.833 557.711  352.667 360.083  363.933 
358.832  258.268 563.176  244.591 560.009  352.678 363.975  363.335 
356.16  258.359 562.401  247.073 558.429  352.555 361.876  363.042 
356.595  259.596 565.627  243.466 560.875  349.748 365.867  362.908 
354.347  258.179 564.651  244.455 560.064  348.272 364.12  362.073 
355.949  259.303 564.541  244.492 561.678  348.865 363.016  363.263 
354.018  260.601 562.667  244.574 559.811  348.34 359.817  364.344 
355.644  259.648 564.044  242.343 561.149  346.773 362.544  361.184 
356.582  258.547 564.559  242.565 560.942  347.413 363.18  359.956 
355.147  256.285 562.916  242.909 561.304  348.687 360.949  360.953 
352.903  255.769 563.231  241.137 560.593  346.905 360.863  361.582 
354.597  256.185 561.6  241.705 560.724  346.142 361.533  362.581 
357.573  257.285 563.588  242.047 561.064  348.399 362.559  361.844 
357.969  257.204 562.843  241.183 562.048  346.845 362.489  361.201 
357.252  254.533 562.904  239.682 560.695  344.742 361.1  359.874 
356.51  255.492 563.336  240.181 559.882  344.787 361.616  359.364 
356.385  255.836 562.591  242.18 560.527  346.57 361.599  360.81 
355.613  256.749 560.972  240.711 559.863  345.883 362.157  361.224 
356.102  255.777 561.866  239.124 560.937  344.67 361.295  359.249 
356.454  256.246 562.432  241.101 561.539  346.656 359.866  361.73 
354.246  256.492 562.202  240.562 560.723  345.216 359.116  360.912 
351.9  256.248 560.348  238.687 559.031  342.658 358.655  360.161 
353.255  255.979 560.726  237.332 559.511  342.218 359.887  359.897 
352.757  254.859 560.63  237.442 559.39  341.221 360.105  360.041 
352.396  252.4 557.677  235.604 560.434  340.732 358.08  357.809 
354.494  252.407 559.326  236.672 560.727  341.885 358.329  359.382 
354.313  250.707 555.902  235.296 557.677  339.84 356.421  358.434 
352.46  251.743 554.334  234.37 556.945  338.86 356.912  358.037 
353.569  249.632 554.525  234.28 557.448  337.119 357.638  357.397 
350.198  247.33 552.883  231.43 554.412  336.594 356.664  355.2 
351.717  249.463 552.289  229.843 555.01  334.802 357.117  355.124 
349.706  247.317 551.634  228.873 554.159  332.27 355.914  354.894 
348.952  244.752 550.759  227.534 553.895  331.217 355.863  353.902 
348.4  245.743 550.315  226.255 553.963  330.649 356.244  353.287 
349.321  244.523 549.37  224.963 552.78  329.305 356.521  350.991 
349.252  244.012 548.607  223.432 552.115  327.447 356.294  350.54 
346.311  242.07 546.174  222.089 550.659  324.666 354.883  348.581 
345.676  241.639 545.777  221.498 549.591  323.923 356.259  347.526 
346.822  238.088 546.565  219.507 549.021  321.262 356.447  343.081 
345.086  236.824 546.134  220.647 543.343  321.052 355.618  341.853 
343.058  237.038 545.967  221.282 543.987  321.908 356.646  343.238 
345.676  239.902 548.035  222.214 547.166  322.992 358.792  342.661 
347.698  240.575 546.846  224.031 548.533  325.184 358.306  342.221 
350.456  241.868 548.147  226.589 548.67  326.973 357.68  345.449 
351.913  244.175 549.11  229.952 547.683  331.435 358.51  347.728 
352.746  250.696 551.432  235.758 548.555  336.944 358.872  352.863 
354.556  254.126 552.766  238.88 550.234  339.052 359.573  355.72 
357.938  256.849 553.412  243.026 550.819  344.494 361.298  358.692 
358.974  259.909 555.719  245.284 550.449  345.568 361.562  361.852 
359.006  260.957 556.763  246.655 552.035  347.482 358.469  364.892 
358.422  262.673 555.661  248.401 552.059  350.204 355.202  368.321 
359.338  265.953 557.674  249.862 553.217  352.075 357.443  368.997 
359.096  269.056 557.543  252.159 554.264  354.498 359.58  370.438 
355.829  268.916 557.148  253.487 554.05  355.416 359.765  371.23 
354.027  272.648 556.649  256.012 555.629  358.816 360.907  373.394 
356.346  271.486 557.031  256.965 557.239  358.198 358.846  374.922 
356.838  275.953 559.098  258.74 556.991  359.019 363.979  377.63 
354.333  277.2 558.081  260.056 555.601  359.636 359.732  379.576 
355.207  277.959 558.611  261.421 557.208  361.373 361.016  380.966 
355.123  278.514 560.032  261.717 557.756  362.264 361.118  382.077 
353.242  279.381 559.214  263.051 555.268  362.748 359.165  384.084 
354.709  279.079 559.838  263.879 556.478  364.402 358.391  385.885 
356.505  281.01 561.472  264.946 558.118  365.819 359.087  388.542 
357.475  282.414 560.784  266.111 558.435  368.511 359.68  390.378 
357.332  284.782 563.969  266.884 559.337  370.734 360.784  390.556 
356.202  287.35 562.995  268.766 559.938  372.261 361.512  392.818 
354.874  286.999 561.03  270.084 559.628  373.345 360.138  393.302 
356.329  285.541 560.908  271.711 561.127  375.904 359.338  395.279 
356.967  285.251 560.404  273.046 561.374  378.022 357.068  396.555 
356.686  287.162 559.317  274.638 561.635  379.684 356.468  399.974 
360.594  288.896 560.859  276.409 562.36  381.631 356.63  402.996 
356.518  288.655 556.766  279.844 559.184  383.485 352.132  404.998 
357.242  292.289 562.31  280.717 562.666  384.096 351.745  408.381 
356.013  295.083 562.675  281.431 564.068  385.974 356.64  408.808 
357.055  297.655 562.314  282.962 565.433  388.173 358.123  410.549 
356.742  300.957 562.271  285.178 563.663  391.038 356.881  413.649 
355.194  303.526 562.295  288.253 563.508  393.702 354.432  418.157 
359.771  305.568 564.202  290.084 562.657  396.707 355.562  419.117 
360.621  308.971 564.45  292.83 563.2  400.222 356.548  422.245 
362.008  310.622 563.408  294.759 565.789  402.061 357.394  424.309 
359.108  313.824 562.04  298.336 564.674  404.299 357.808  427.365 
357.894  314.735 561.11  300.303 565.803  405.851 360.684  427.416 
357.435  318.189 562.277  302.915 566.858  409.08 361.867  429.316 
360.675  321.649 565.001  304.626 568.418  410.35 362.231  431.121 
361.02  324.143 565.795  306.77 570.41  411.625 362.531  432.801 
359.833  327.593 566.52  308.307 570.097  414.248 362.876  435.062 
360.086  329.695 566.687  310.279 570.766  415.071 363.123  438.491 
359.036  332.144 566.3  312.58 569.184  417.375 363.619  439.898 
360.634  333.997 567.436  314.148 571.766  420.023 364.829  442.239 
356.138  335.039 566.569  317.661 571.383  420.874 363.974  444.94 
358.858  335.93 567.664  318.54 572.946  423.012 365.824  447.057 
360.574  342.507 567.919  322.597 573.455  428.72 366.126  452.552 
363.032  343.082 568.849  322.388 573.696  428.785 368.395  452.723 
363.748  343.517 569.898  323.007 573.526  429.99 369.134  453.955 
363.453  346.296 575.63  322.514 575.004  431.984 372.791  451.961 
360.58  348.756 572.997  325.364 567.699  431.725 370.602  453.266 
357.993  350.335 569.583  328.034 564  434 369.695  455.022 
359.481  351.632 567.614  330.283 567.742  437.673 371.672  460.881 
358.676  350.491 569.542  333.253 570.278  440.285 369.375  461.796 
358.196  352.192 569.398  335.979 570.704  442.668 368.712  462.588 
358.116  356.235 569.469  338.325 569.28  444.71 368.739  464.857 
360.705  356.648 567.915  342.471 572.561  449.398 367.512  467.928 
360.491  357.56 566.699  344.678 572.9  451.181 365.136  468.227 
361.127  359.256 569.015  346.414 575.943  451.765 366.403  469.252 
363.938  362.878 571.255  349.572 580.439  455.016 370.634  470.765 
359.428  366.045 569.474  352.388 575.419  457.59 365.153  470.637 
361.871  366.204 572.215  353.438 578.441  458.332 368.634  468.695 
361.318  370.802 573.044  356.758 576.929  462.819 368.829  472.816 
362.795  372.163 572.607  359.3 578.17  464.975 368.263  474.54 
362.551  372.972 573.136  360.752 576.938  466.657 367.603  475.742 
362.553  373.8 571.22  361.814 579.604  469.124 368.655  476.804 
363.21  375.713 573.416  362.914 580.917  470.467 370.429  479.371 
363.962  379.419 573.798  366.695 580.123  473.68 370.812  482.729 
361.866  380.88 570.577  367.619 576.698  475.351 368.693  484.911 
363.083  381.496 570.963  370.656 577.809  475.964 371.512  484.519 
363.014  383.471 571.524  369.636 574.534  475.163 372.764  488.363 
363.781  386.215 570.969  375.427 577.111  480.674 371.259  492.04 
364.936  388.36 572.277  378.241 579.383  483.33 371.367  492.736 
363.909  391.858 570.109  381.629 576.046  485.78 368.121  493.651 
364.148  392.325 570.18  384.053 576.25  486.541 368.881  496.905 
367.24  392.938 571.455  385.203 577.939  488.012 372.665  496.77 
365.037  393.76 569.88  387.651 574.365  489.766 369.813  497.387 
363.843  395 568.474  388.432 574.867  488.854 370.652  498.883 
364.35  394.99 567.847  388.642 575.392  489.716 373.024  499.339 
364  395.302 566.911  388.22 573.815  489.651 377.383  497.982 
357.27  394.755 563.521  390.764 569.563  492.494 371.929  500.282 
363.859  396.272 571.203  390.921 576.199  494.306 380.015  499.329 
365.219  397.004 568.232  390.669 575.524  495.825 378.071  499.148 
363.915  400.099 565.604  392.026 573.268  495.957 378.362  500.737 
362.138  401.586 566.813  395.092 574.003  495.329 376.549  503.411 
368.283  405.448 564.478  395.521 577.455  499.624 377.194  506.581 
367.309  406.322 565.019  397.87 578.265  499.165 377.33  506.418 
361.747  409.847 558.299  399.571 577.131  500.434 375.619  509.616 
362.142  411.951 554.221  404.478 580.319  505.157 375.509  512.92 
364.992  420.31 557.887  412.133 584.785  512.989 376.294  517.756 
364.989  414.595 559.931  407.981 581.599  503.623 378.91  508.169 
361.634  412.62 561.111  411.88 579.132  502.437 376.938  505.335 
362.509  417.999 561.827  414.562 582.854  506.122 376.845  509.949 
364.477  419.14 563.517  415.951 582.638  505.559 376.708  508.06 
357.337  418.183 561.282  418.349 575.939  505.589 371.34  512.389 
349.249  419.402 561.201  421.867 576.49  504.331 364.104  517.397 
352.658  420.832 562.583  425.062 577.628  506.987 364.151  518.447 
351.144  424.54 562.201  428.56 577.155  506.181 357.725  521.874 
358.409  426.837 564.261  430.823 577.691  509.703 361.104  522.398 
364.543  429.902 564.165  433.663 577.501  512.142 364.65  522.705 
373.437  435.229 560.533  435.306 582.572  515.685 365.885  524.271 
378.24  439.125 557.604  439.111 586.12  517.959 361.649  525.852 
376.872  440.364 555.004  440.893 585.324  519.08 358.367  527.457 
388.356  440.868 556.655  441.616 592.693  522.573 357.973  525.263 
391.41  445.527 558.482  445.134 598.026  524.586 356.199  529.791 
383.281  448.099 552.713  447.353 588.892  523.873 348.85  530.617 
381.566  450.598 552.218  448.017 586.302  524.016 347.809  531.93 
384.224  453.842 553.93  449.836 583.449  523.089 351.759  532.89 
387.275  454.546 556.407  450.647 593.492  526.073 353.896  531.393 
392.521  457.305 558.029  452.706 600.39  527.483 359.283  532.012 
